"id","EAP","HPL","MWS"
"id02310",0.000792094138290736,0.000830845525153971,0.998377060336555
"id24541",0.997443836503235,0.00223620196208658,0.000319961534678625
"id00134",0.047643237586483,0.952341004747274,1.57576662426857e-05
"id27757",0.0254673338063598,0.974532649471608,1.67220322031021e-08
"id04081",0.946202787240961,0.0308878201422139,0.022909392616825
"id27337",0.516623320883105,0.483258870052336,0.000117809064558853
"id24265",0.303123398682746,0.678293958049043,0.0185826432682116
"id25917",0.00277650190501296,0.024957223018032,0.972266275076955
"id04951",0.999906077069441,9.39053001314129e-05,1.76304277128539e-08
"id14549",0.706971694633962,0.027550374810378,0.26547793055566
"id22505",0.000540348340113762,0.0210395407854742,0.978420110874412
"id24002",8.44706631220206e-11,0.999999999851015,6.45139478639288e-11
"id18982",0.709366446764655,0.249687596555562,0.0409459566797821
"id15181",0.000554775314829195,0.999443647361616,1.57732355539995e-06
"id21888",0.634907315843067,0.1578915761864,0.207201107970532
"id12035",0.00010140041444876,7.86100422356623e-05,0.999819989543316
"id17991",0.223110107257434,0.0238916315779716,0.752998261164595
"id10707",0.999999933844276,3.46574300886605e-08,3.14982936029724e-08
"id07101",0.0481542194480586,0.0879453200221508,0.863900460529791
"id00345",0.665030242680877,0.334214172536381,0.00075558478274228
"id05912",0.938166792423354,0.0184249513057314,0.0434082562709146
"id13443",0.999975486645865,7.68062891476681e-06,1.68327252203621e-05
"id09248",0.0136635901551445,0.142738709355226,0.84359770048963
"id17542",0.00282420566689485,0.99487293673385,0.00230285759925542
"id06995",0.00323395779505048,2.14082526369811e-05,0.996744633952312
"id25159",0.868502991851751,0.0037388627872632,0.127758145360986
"id25729",0.877600533781041,0.120060447617769,0.00233901860118948
"id26949",0.970752229246552,0.0148372814665115,0.0144104892869369
"id27191",0.581502205107541,0.0387742828335391,0.37972351205892
"id07668",0.58180156007759,4.08001493661133e-06,0.418194359907473
"id02230",0.031824203834577,0.351291744162967,0.616884052002456
"id15553",0.999999487962756,3.68261343127457e-08,4.75211109487035e-07
"id25688",4.21354292164219e-06,0.999983328096974,1.24583601043627e-05
"id17545",0.993051816471884,0.00244667561803141,0.00450150791008467
"id13929",0.0491283566555732,0.254881934855852,0.695989708488575
"id12880",0.886918312345635,0.0403249064159272,0.0727567812384382
"id19282",0.546385225256781,0.080408319021512,0.373206455721707
"id14690",0.00393797416366965,0.000367929319330952,0.995694096516999
"id17975",0.000713095387821258,0.999077775493324,0.000209129118855303
"id08037",0.830486071323368,0.00014110782684343,0.169372820849788
"id15412",0.0285476538947971,0.00779015335591595,0.963662192749287
"id25032",0.290129184585007,0.241543475690616,0.468327339724376
"id27165",0.999965332176712,2.70434940710631e-06,3.19634738805723e-05
"id03327",0.00576473026616603,0.993165882682635,0.0010693870511994
"id18515",0.843742883137283,0.00293705684296983,0.153320060019747
"id21003",0.110066343003933,0.0129724707881155,0.876961186207951
"id23855",0.000484823521786815,0.92452135804528,0.0749938184329335
"id20724",0.491267908155255,0.273479990413313,0.235252101431432
"id13303",0.645451366878412,0.0014247871090103,0.353123846012578
"id16521",8.38673655516344e-06,0.0150675623012559,0.984924050962189
"id20775",0.999994376854945,5.62265149321668e-06,4.93562092948052e-10
"id13029",0.999766166806548,1.14680648185148e-05,0.000222365128633375
"id14660",0.894374019563603,0.0855253194153163,0.0201006610210808
"id11028",0.000237922954106387,9.33079645595663e-06,0.999752746249438
"id14180",0.990639241150208,0.00884391299496916,0.000516845854822751
"id25860",0.999999978586166,2.13121016090437e-08,1.01732947589839e-10
"id11910",0.363973969877372,0.00521890923469465,0.630807120887934
"id08065",0.331532032508032,0.370787953386729,0.297680014105239
"id22674",0.000235455622199563,4.93546227198726e-06,0.999759608915529
"id25018",0.0345693459342693,0.00373762917737567,0.961693024888355
"id10892",0.000388828583836635,0.999605383468846,5.78794731710466e-06
"id10217",0.00106638903629509,0.99893251894313,1.09202057460993e-06
"id12996",0.442100447512706,0.231148860406633,0.326750692080661
"id18262",0.373536921708915,0.370820791266328,0.255642287024758
"id08606",1.7255047958642e-07,0.999998952676425,8.74773095953887e-07
"id17233",0.919615249491867,0.022844332542411,0.0575404179657222
"id00101",0.866055329555049,0.0391035113844288,0.0948411590605218
"id12225",0.871933310898657,0.117927165231542,0.0101395238698016
"id01364",0.0338528009588069,0.961682251590376,0.00446494745081725
"id24973",0.958940014202492,0.010266777403785,0.0307932083937226
"id25363",0.857436057148763,2.21641642845681e-07,0.142563721209594
"id10061",0.296971449581632,0.00438300887968859,0.69864554153868
"id17673",0.00672897259095654,0.992228728253205,0.00104229915583837
"id13249",0.80375286219901,0.0536287664161545,0.142618371384835
"id10107",0.000710658584092036,0.000272604006769319,0.999016737409139
"id04403",0.925267639402257,2.82623184579943e-05,0.0747040982792848
"id25728",0.908426203255324,0.00326642378578012,0.0883073729588957
"id16184",0.551213142212906,0.109315813753663,0.339471044033431
"id03438",4.22382389789618e-05,6.89236862606327e-08,0.999957692837335
"id22923",0.00156979631502742,0.998406906319208,2.32973657648182e-05
"id08610",0.996159539550533,0.000182588879442812,0.00365787157002418
"id25355",0.0152196143564836,0.0163673489888541,0.968413036654662
"id16916",0.34855913514159,0.635472680664793,0.015968184193617
"id12793",0.0177094664065533,0.981666335015331,0.000624198578115677
"id11859",0.462638817900452,0.0401434181477452,0.497217763951803
"id02434",0.99999999980802,1.79842961003533e-10,1.21366844391495e-11
"id27703",9.50009257150428e-05,0.000114628433500573,0.999790370640784
"id25212",0.000127672360683537,0.999872217034886,1.10604429953633e-07
"id11308",0.061579150979365,0.245778481028511,0.692642367992124
"id26094",0.986500679622696,0.0117656445294498,0.00173367584785397
"id22080",0.649207441297079,0.344666401271166,0.00612615743175512
"id03545",0.996313822793223,0.00368482493497255,1.35227180452274e-06
"id23725",8.22818381607421e-05,0.000596436097528842,0.99932128206431
"id12009",0.676494947397227,0.312757353951777,0.010747698650996
"id24241",0.231164462214709,0.183874393372907,0.584961144412384
"id03596",0.000143068079368878,0.999851491351777,5.44056885435911e-06
"id10749",0.735789761011571,0.196320252986834,0.0678899860015955
"id22794",2.47779601756008e-05,0.000174942408373909,0.99980027963145
"id15482",0.285761637564444,0.514605094650713,0.199633267784843
"id04833",0.615660905803667,0.37584370001818,0.00849539417815362
"id00397",0.000377936533976243,1.12858983360797e-11,0.999622063454738
"id14691",5.05654050310324e-06,7.23944257836689e-07,0.999994219515239
"id05193",0.0111072962240899,0.00161369525566893,0.987279008520241
"id19541",0.971833728262766,0.000330585597015331,0.0278356861402185
"id22166",4.30851812267622e-08,1.44994234923642e-08,0.999999942415395
"id20744",0.000440701297233589,3.53835450811806e-05,0.999523915157685
"id10392",2.79986301564635e-09,5.2497243109072e-09,0.999999991950413
"id00770",0.982746195584054,0.0146320604136845,0.00262174400226128
"id06018",0.0215221562188622,0.976942515347345,0.00153532843379331
"id15678",0.00922513210225002,2.39998581340366e-06,0.990772467911937
"id08305",0.880378137316513,0.114712482868991,0.00490937981449594
"id08903",0.119835292314466,0.0981040238813095,0.782060683804224
"id14752",0.272487459406272,0.725141095430657,0.00237144516307177
"id12468",0.00187781934645227,0.998117311493812,4.86915973561038e-06
"id05085",0.65434268154538,0.34208874047245,0.00356857798217058
"id21993",0.0187328072777231,0.000518556422464563,0.980748636299812
"id15503",0.565279549060295,0.432563836538516,0.00215661440118936
"id03021",3.71051907890103e-12,0.999999999721117,2.7517209328511e-10
"id16123",0.999999999838401,1.61008282364636e-10,5.90715159395146e-13
"id19383",0.999998432258591,1.20096738117715e-06,3.667740277512e-07
"id04186",0.99998373035889,1.31036127496953e-05,3.16602836013201e-06
"id17954",6.29555107748862e-07,3.80349374440192e-11,0.999999370406857
"id12030",0.138210933713937,0.00988664174133789,0.851902424544726
"id13020",0.75769146001865,0.242080568823055,0.000227971158295115
"id25327",3.87946609030725e-05,0.0243549220426275,0.975606283296469
"id16344",0.0565955144260896,0.0272959629700285,0.916108522603882
"id12303",0.152911125275379,0.657854134397438,0.189234740327183
"id15017",0.999912069445672,8.79226541822118e-05,7.9001460716574e-09
"id22308",0.613922269082951,0.0415581340191197,0.34451959689793
"id06536",1.29092212385252e-05,1.737513368157e-05,0.99996971564508
"id19797",0.0220776513098251,0.561187078853028,0.416735269837147
"id06332",0.165060145657731,0.773309259287431,0.0616305950548386
"id22941",0.544029278361092,0.123053047818807,0.332917673820101
"id13547",0.00295671271395696,0.00632307815917304,0.99072020912687
"id06928",0.000758324845829431,5.13568352378672e-07,0.999241161585818
"id12521",0.647901315206268,0.350878419462203,0.00122026533152876
"id25716",0.401932937325491,0.11147919310511,0.486587869569398
"id27116",1.19625905707891e-08,2.94262072843177e-09,0.999999985094789
"id19941",5.04016642976358e-05,0.999324682262934,0.00062491607276885
"id05711",1.18870163972369e-06,2.17697322207975e-05,0.999977041566139
"id02097",7.39208687453414e-06,0.000424025559167404,0.999568582353958
"id03563",7.93015055922761e-05,0.999917103927032,3.59456737599533e-06
"id02295",0.233941091814679,0.464302362559013,0.301756545626307
"id08179",0.999999999999917,7.87186531671646e-14,4.06709045637127e-15
"id05332",0.00526101433896102,0.980142221046084,0.0145967646149551
"id15697",0.132743690428897,0.161712170037981,0.705544139533122
"id17026",0.00453988671287425,0.00243384008140923,0.993026273205717
"id04243",0.853409047753284,0.115012618929065,0.0315783333176509
"id13175",1,1.02724249686375e-19,4.38360567996499e-25
"id05387",0.993124146772781,0.000203631127831875,0.00667222209938693
"id19989",0.930682065212865,0.0385716753477331,0.0307462594394024
"id25173",0.754119529107009,0.0211466421444965,0.224733828748495
"id08925",0.000911443455696089,0.998962084144135,0.000126472400168703
"id03034",0.000185829427376083,0.997746584320459,0.00206758625216484
"id13272",1.27939772729325e-05,0.999949383495105,3.78225276224217e-05
"id07956",0.930133373192316,0.00391225185416745,0.0659543749535169
"id02648",0.00246296294320617,2.3271198022172e-05,0.997513765858772
"id01778",0.0111266635512137,2.46989754514211e-05,0.988848637473335
"id12846",1.78217504308719e-05,9.00883839964234e-09,0.999982169240731
"id19001",0.0467721135400399,0.00397284896569211,0.949255037494268
"id05763",0.969472265989442,0.0074500616777842,0.0230776723327739
"id15590",0.000127476533315734,3.98149493558149e-05,0.999832708517329
"id04912",0.464944016511897,0.095767970413575,0.439288013074528
"id21201",0.877404971483713,0.0999473040058034,0.0226477245104834
"id13215",0.999319911958258,0.000346647834126962,0.000333440207615093
"id15612",0.0555958570456572,0.937960685303731,0.0064434576506122
"id18501",0.0110834168017558,0.0328683041010551,0.956048279097189
"id07223",0.128968248529644,0.776833083542504,0.0941986679278522
"id06707",0.900345259366531,0.0650061284520872,0.0346486121813821
"id05238",6.64129250208813e-09,0.999999987934338,5.42436977660824e-09
"id00935",0.000842583368330347,0.000838277319692356,0.998319139311977
"id00110",0.708519704504865,0.0063570093909848,0.285123286104151
"id17476",0.997668014615246,0.00139050015830208,0.000941485226452337
"id15170",0.999795858014915,0.000110346076120194,9.3795908964747e-05
"id13397",0.0994813091385598,0.0147170910776297,0.88580159978381
"id24283",0.91361588273777,0.0178887166247952,0.0684954006374352
"id15234",0.996370300173574,0.00358712735074328,4.25724756831652e-05
"id16884",0.517583656441793,0.12193176440083,0.360484579157377
"id07831",0.539057340204302,0.215413633831424,0.245529025964273
"id16038",0.902036581828288,0.078168417660425,0.019795000511287
"id03629",0.795630217383914,0.0361477872240099,0.168221995392076
"id21019",0.639338965096616,0.171855172792729,0.188805862110655
"id21835",0.479263777532957,0.121469401334026,0.399266821133018
"id04480",0.00035253174785338,0.999646362631337,1.10562080944421e-06
"id20838",0.77362757917074,0.224263048789998,0.00210937203926136
"id24195",0.264130182422693,0.396228299111171,0.339641518466136
"id05448",0.983334645475995,0.00878020049523944,0.00788515402876519
"id15957",0.00399262289908283,0.995616742014573,0.000390635086344393
"id19956",4.31269476339668e-05,9.58854611782119e-08,0.999956777166905
"id15104",0.00140627760633397,0.0140716500195418,0.984522072374124
"id17559",0.532687202674176,0.312777560277535,0.154535237048289
"id16839",0.57260599432099,0.142811467777422,0.284582537901588
"id14493",0.330165202773831,0.015349298061368,0.654485499164801
"id08833",0.933689704272299,0.00228970206663214,0.0640205936610687
"id15723",0.0817409716117729,0.21444692763353,0.703812100754697
"id02716",0.999100093754728,0.000882263986544055,1.76422587275042e-05
"id06689",0.000305872798267765,0.999486596598624,0.000207530603107917
"id18837",0.252037224394957,0.321571008648812,0.426391766956231
"id04466",0.98977032340155,0.00714180423182731,0.00308787236662288
"id00686",0.995595422078618,1.32254339461016e-05,0.00439135248743592
"id09010",0.0110551985073299,0.988900887892147,4.39136005235458e-05
"id23353",0.666005371322856,0.189023279834016,0.144971348843128
"id00066",0.780106559361086,0.0595836475713594,0.160309793067554
"id15724",0.0179691746675042,0.872300932275498,0.109729893056998
"id23486",0.0153004524318884,0.00250963419344481,0.982189913374667
"id22258",0.00442646648737507,0.00123698515459386,0.994336548358031
"id02292",0.529009473326464,0.324841989589905,0.14614853708363
"id16356",0.00834745492271582,4.5088859987876e-06,0.991648036191285
"id00235",0.99859018526141,1.48627322837855e-05,0.00139495200630661
"id25522",0.000560069595340422,5.24551054998004e-06,0.99943468489411
"id04204",0.0013950885873357,0.995510389032853,0.0030945223798112
"id22016",0.578576282364893,0.146587265027265,0.274836452607843
"id06480",0.000271108336127988,0.99970719132369,2.17003401819379e-05
"id08718",0.0591029781401393,0.0175191791175434,0.923377842742317
"id05251",3.8684331934758e-06,0.99999389582217,2.23574463601222e-06
"id03359",0.989764256092568,0.00979488639680727,0.000440857510624995
"id16117",0.000792724136005391,1.89117010191588e-05,0.999188364162975
"id17000",8.83477055484109e-05,0.99991129558893,3.56705521995346e-07
"id01730",0.0373075314682122,0.960677965377397,0.00201450315439104
"id00630",0.249227380277691,0.740105382795793,0.0106672369265167
"id18175",0.0113662180969714,0.00046680609706256,0.988166975805966
"id00907",0.96698297829682,0.020683729520583,0.0123332921825976
"id18251",0.000363336124181671,0.999636625166903,3.87089155800875e-08
"id25861",0.620762765261018,0.0771336517563864,0.302103582982595
"id00398",0.759724048995958,0.0599829693541197,0.180292981649922
"id27573",0.999924347482956,6.40553020043564e-08,7.558846174156e-05
"id10022",2.9675695044609e-07,0.999963134862363,3.65683806862628e-05
"id15901",0.00198405063774192,3.97188365379579e-07,0.998015552173893
"id00451",0.0217461412658237,0.0120170102194896,0.966236848514687
"id23129",0.0101001285180922,0.988881145274469,0.00101872620743931
"id26498",0.623583481614281,0.264834314575645,0.111582203810074
"id14741",0.982811915963762,0.0150675149257402,0.0021205691104979
"id18453",0.0691251033978028,0.00082088892568488,0.930054007676512
"id08309",0.960800065606567,0.00451848392942161,0.0346814504640109
"id00320",0.999985799621482,2.43808542250056e-06,1.17622930958548e-05
"id07688",0.0122910038494866,0.0041630293879959,0.983545966762517
"id01556",0.00500350059309207,8.71402170504436e-05,0.994909359189858
"id00178",0.860440495820645,0.00146874867904077,0.138090755500315
"id18902",0.0076996746030615,0.000349912793265047,0.991950412603674
"id27002",0.758901422934978,0.165805670223983,0.0752929068410385
"id21418",0.999998836270807,1.16365591934924e-06,7.32739327894486e-11
"id23018",0.276740445775123,0.0474623919412598,0.675797162283617
"id07032",0.344173728946107,0.349699858434854,0.306126412619039
"id16195",0.998611365110162,9.93351835505564e-06,0.00137870137148351
"id11202",0.144000654752498,0.799907354463594,0.0560919907839082
"id09578",0.413875950654339,0.0972945979881509,0.488829451357511
"id26984",0.842512112753882,0.00807000038195286,0.149417886864165
"id19856",0.000152248612486408,0.999715699007275,0.000132052380238809
"id12086",0.626960559664286,0.0815375128393189,0.291501927496395
"id12052",0.00259594045477076,0.0316370182098521,0.965767041335377
"id17728",2.98183629746743e-06,4.2376806791057e-08,0.999996975786896
"id24608",0.980091244941978,0.00505499696031983,0.0148537580977022
"id21097",0.0112379493911037,0.00201510324339228,0.986746947365504
"id20179",6.91453559579723e-09,3.82275120843416e-11,0.999999993047237
"id15144",0.193994915023002,0.7060563482905,0.0999487366864971
"id00206",0.969652971760037,0.010434379111179,0.0199126491287843
"id22285",0.000222075019435742,1.72956450247027e-05,0.999760629335539
"id06417",0.030440433985199,0.674425403785832,0.295134162228969
"id00215",0.00246313776023402,0.997532617478974,4.24476079214183e-06
"id04201",0.0060618284590689,0.000415168554174578,0.993523002986757
"id21771",0.978495246962934,0.0150443200462984,0.00646043299076809
"id12451",0.00470763699430284,0.493269853055837,0.50202250994986
"id14250",0.0240494176194142,0.904693747332545,0.0712568350480409
"id03433",7.69739840573482e-05,0.999919850304781,3.17571116175055e-06
"id03303",0.00848065449251328,0.00118730188109641,0.99033204362639
"id25901",0.290856522757511,0.569789743480899,0.139353733761589
"id06945",0.92923987053669,0.000136118229789803,0.0706240112335204
"id05664",0.090077932582179,0.599548714801333,0.310373352616488
"id05741",0.999998277438525,8.69037024236673e-09,1.7138711047117e-06
"id10652",0.479839431604064,0.256231276968167,0.263929291427769
"id16300",0.999313359338884,6.7724841069514e-05,0.000618915820046979
"id12319",0.216419950002969,0.300625494826955,0.482954555170075
"id07500",4.99892499913438e-05,0.999949998442086,1.23079222592783e-08
"id12478",0.205454784324893,0.444303554194486,0.35024166148062
"id03076",0.00734670781485838,4.18814230501076e-05,0.992611410762091
"id00969",0.0123472371103229,0.984789262257116,0.00286350063256144
"id23636",0.102056129474332,0.572535954279257,0.325407916246411
"id09791",0.00386507659682981,0.00672414157406169,0.989410781829109
"id05680",0.0312486072685336,0.158049916072484,0.810701476658983
"id03672",0.0231599343362763,0.976759053633123,8.10120306011389e-05
"id04286",0.000260451204750178,0.992910730994218,0.00682881780103128
"id23883",1.7830866617429e-05,0.338185203917666,0.661796965215717
"id11914",0.737859032758991,0.0066076529802202,0.255533314260788
"id20974",0.0306048913550554,0.967523308179002,0.00187180046594204
"id26125",0.000117023805600878,0.0038823387049834,0.996000637489416
"id15543",0.171963865060683,0.0216980798575249,0.806338055081792
"id19471",0.999972235080409,1.07064333728917e-05,1.70584862176686e-05
"id11503",0.867956244033188,0.120180219743463,0.0118635362233484
"id09321",0.000708312626154402,0.992066820803572,0.00722486657027319
"id25560",1.90205199249476e-10,1.86526866501064e-09,0.999999997944526
"id06726",0.336899776794239,0.181813099757502,0.481287123448259
"id05709",0.994879890668519,0.00284212837556681,0.00227798095591421
"id09788",0.0647972367240238,0.494444145172422,0.440758618103554
"id05289",0.999999994855819,5.06095172083877e-09,8.32291787481601e-11
"id11815",0.0011848651428154,0.998001766487964,0.000813368369220391
"id22422",0.402936519217718,0.405406700576075,0.191656780206207
"id25954",0.767831930076158,0.000194926106491056,0.231973143817351
"id13601",0.287600889223063,0.585482088323944,0.126917022452993
"id05677",0.402380716430086,4.40921243629661e-05,0.597575191445551
"id10498",0.00101499996517788,0.998983068147114,1.93188770799499e-06
"id02665",0.223580511343342,0.746183650190374,0.0302358384662842
"id10114",8.29834639973816e-05,0.988117312152729,0.0117997043832734
"id26314",0.982400515481213,0.017296303410129,0.000303181108658502
"id21240",0.832664774694679,0.0187036999615113,0.148631525343809
"id15569",0.954362012112122,0.0455279034373628,0.00011008445051504
"id25928",0.00114167622089682,0.0400991338968835,0.95875918988222
"id22706",0.00212637085523234,0.997871655243824,1.97390094306872e-06
"id20877",3.10779440874236e-06,0.999991494685054,5.39752053689475e-06
"id04318",0.73101368170623,0.0684635616543461,0.200522756639423
"id18299",0.00565929354500077,0.98483705283143,0.00950365362356964
"id08126",9.18700147645594e-05,1.05115915629502e-07,0.99990802486932
"id14293",0.494227989478091,0.000620300215882019,0.505151710306027
"id12759",0.999924726176157,5.56986626195541e-05,1.95751612234628e-05
"id11983",0.297918058291405,0.00654247222599381,0.695539469482601
"id05580",0.00464120708879976,0.987888358402877,0.00747043450832373
"id25846",0.224339871682449,0.389829805059082,0.385830323258469
"id01939",0.320993203340212,0.0378214124609292,0.641185384198859
"id26327",0.0247451036826814,0.597016232200122,0.378238664117197
"id11068",0.0016905472520047,0.0017809792753046,0.996528473472691
"id08404",0.975793801989473,0.000133034616415569,0.0240731633941112
"id27189",0.916838290435231,0.0828665049202273,0.000295204644541538
"id15119",0.0510074597060601,0.933761535933529,0.015231004360411
"id26525",0.986611925695066,0.00446938601290948,0.00891868829202494
"id03618",0.849951487292091,0.123403644750888,0.0266448679570211
"id27220",0.99993597927243,4.87574408225517e-05,1.52632867475118e-05
"id18777",0.101480962165674,0.0529345608640775,0.845584476970248
"id20213",0.808115584450038,0.132924749743628,0.0589596658063342
"id20403",0.940149085113785,0.0593575922219629,0.000493322664251932
"id03777",0.000164794398033919,0.00213404107781515,0.997701164524151
"id10595",0.000814800183710166,0.996538861475435,0.00264633834085503
"id13816",0.0263753020927467,7.30533526581724e-05,0.973551644554595
"id05667",0.0127781672137214,0.00141557486475677,0.985806257921522
"id24629",0.36293217394185,0.0508612327176315,0.586206593340518
"id20398",0.0428955363064622,0.156512302865721,0.800592160827817
"id14108",3.61959535945611e-05,2.46685160283015e-05,0.999939135530377
"id06196",5.12176995169288e-05,0.999946717755772,2.06454471138252e-06
"id02800",0.0690368950389088,0.921598256931035,0.00936484803005633
"id18732",4.07817066793508e-05,0.99994395058532,1.5267708000964e-05
"id11915",0.00136527210953936,0.997567958713296,0.0010667691771651
"id09739",0.898125664725205,0.0783552096847023,0.0235191255900923
"id24672",0.999694243271085,0.000297899714460573,7.85701445453523e-06
"id00414",3.09534751446299e-07,0.000335645427368271,0.99966404503788
"id16307",0.962152160525862,0.0219457668783059,0.0159020725958316
"id14043",0.125867228323891,0.0324877038832332,0.841645067792876
"id00517",6.36896326705703e-13,4.39962992932641e-13,0.999999999998923
"id09744",0.99984172299323,0.00015804219770752,2.34809062185594e-07
"id19257",0.987823671604672,0.00243809556460528,0.00973823283072301
"id15437",0.861764659852203,0.132771754038306,0.00546358610949101
"id16352",0.0826579337573372,0.070784619962533,0.84655744628013
"id18849",0.481832550590169,0.103914158689002,0.414253290720829
"id19434",5.05872941392891e-09,0.999999910723004,8.42182661531008e-08
"id17928",0.00948814820735606,3.73913263340815e-05,0.99047446046631
"id16896",0.0034231199563187,3.57806073765075e-05,0.996541099436305
"id02135",0.105030922826303,0.601449530952109,0.293519546221588
"id15075",0.995064740172194,0.0046685698454201,0.000266689982386125
"id27486",3.22545173171779e-07,0.999998945209656,7.32245170809782e-07
"id19422",0.952666868414103,0.0459319987491801,0.00140113283671744
"id09603",0.00655075020063108,0.987185334081978,0.00626391571739105
"id02133",0.626430286177801,0.370214973638656,0.00335474018354232
"id03441",0.929482708649353,0.00209168129796168,0.0684256100526853
"id02398",0.000121429869736102,0.999878443761123,1.26369141310636e-07
"id05152",0.110787366916673,0.000560001297257763,0.88865263178607
"id17838",0.0618873126261296,0.00188618211448662,0.936226505259384
"id25060",0.993363224698415,0.00663634544037671,4.2986120829914e-07
"id09998",0.000704630169572862,0.0030747804259652,0.996220589404462
"id01828",0.00112656481590239,0.997831682370687,0.00104175281341041
"id25377",0.221068891652324,0.0100046166644308,0.768926491683245
"id22175",0.00411167116898909,0.995652034227661,0.000236294603349373
"id02974",0.288798395471102,0.00449527990631925,0.706706324622579
"id26955",0.999799360425403,0.000199891521713857,7.48052883633523e-07
"id21091",0.999458841877221,0.000524923206259342,1.62349165196094e-05
"id12802",0.997639484684007,0.00205094141403095,0.000309573901962063
"id07432",1.89431588118789e-11,0.999999999718685,2.62372036572657e-10
"id18749",0.188958071300587,0.431576507529762,0.379465421169651
"id15030",1.37586780016621e-05,0.00104160652377908,0.998944634798219
"id17155",0.000240444536718969,0.999659410796932,0.00010014466634873
"id08128",9.99142259910105e-06,0.992753831353629,0.00723617722377142
"id25706",6.62638761989235e-09,0.999982101465684,1.78919079280983e-05
"id15645",0.840822198219597,0.0793626606391603,0.0798151411412427
"id04943",0.959930460117071,0.0102190823597494,0.0298504575231801
"id27566",4.0997070018791e-05,4.53875791669926e-06,0.999954464172064
"id11765",0.0380806618127007,0.133274164537584,0.828645173649715
"id13783",0.0409518972485546,0.855401468044037,0.103646634707408
"id00492",0.000493807100140817,0.000515903507770426,0.998990289392089
"id27636",0.000885515272466904,0.000824675458213615,0.998289809269319
"id04273",0.999669321667542,0.000234951071506082,9.57272609514997e-05
"id02537",0.16397863252567,0.367274482417955,0.468746885056375
"id24349",0.949656333704744,0.0496711544822984,0.00067251181295743
"id00023",3.25348553016014e-07,0.999855819201226,0.000143855450221028
"id23025",0.0952958705785999,0.892945143222325,0.0117589861990753
"id08722",0.906789960080352,0.0249980991942435,0.0682119407254041
"id02420",0.999999905634834,9.42211403529757e-08,1.4402547348541e-10
"id10811",0.99616630355166,0.000441853421099663,0.00339184302724002
"id04019",2.90478159646327e-05,0.00322913432795072,0.996741817856085
"id18334",0.992049903769342,0.00731020653245361,0.000639889698204583
"id16781",0.423005290780337,0.533039781641846,0.0439549275778167
"id08773",0.0868449653837841,0.913015504325827,0.000139530290389428
"id19214",0.111947461685431,0.833518320672204,0.0545342176423653
"id09589",1.82821856707018e-05,0.997475883516743,0.00250583429758638
"id24246",0.942220765287635,0.00313455670629556,0.0546446780060695
"id23577",0.884197915816126,0.115458071568516,0.000344012615358512
"id09305",0.851485673277592,0.0330283222562646,0.115486004466143
"id16460",0.493298951508051,0.0363855253097958,0.470315523182153
"id21115",0.385948788572069,0.20285666064059,0.411194550787341
"id25996",0.39475960401274,0.0548697447953256,0.550370651191934
"id02551",3.09949126089662e-07,3.63400751995341e-05,0.999963349975674
"id19352",0.000107670274266021,1.52351172588838e-07,0.999892177374561
"id03806",0.000333933036401919,4.66759333398189e-06,0.999661399370264
"id26544",0.538074412414342,0.0974995941089549,0.364425993476703
"id18761",0.999284363239492,5.35027119647338e-05,0.000662134048543793
"id24148",0.0373532189805036,0.962459604340262,0.000187176679234121
"id16095",0.00842723334144596,0.988180021635656,0.00339274502289834
"id18442",0.6526966221489,0.0154686065359047,0.331834771315195
"id22596",1.78690674063754e-10,5.89405381532195e-12,0.999999999815415
"id23002",0.000491641038619877,0.000281138828412058,0.999227220132968
"id04797",0.999979082212425,1.09102935542789e-05,1.00074940205083e-05
"id06610",0.0121723656590822,0.000346567672933561,0.987481066667984
"id16173",0.387425359370333,0.50215330328991,0.110421337339757
"id18292",0.00764801895627925,0.00159188093849655,0.990760100105224
"id27328",0.996088157240129,0.000266686878686652,0.00364515588118466
"id01695",0.019780203613253,0.979188887919239,0.00103090846750793
"id05761",0.863277971221399,0.00161818114103196,0.135103847637569
"id16354",0.997142880350964,0.00127377242362854,0.00158334722540758
"id12207",0.00391653585905637,0.948480006296849,0.0476034578440949
"id05665",0.0435457942907477,3.27518447365926e-05,0.956421453864516
"id01911",0.82672107876184,0.171091532060514,0.00218738917764622
"id19153",0.000247443440314782,4.46589226660403e-05,0.999707897637019
"id10295",0.35077178929528,0.571743675681815,0.0774845350229047
"id23038",0.41528647235942,0.395022342971584,0.189691184668997
"id23783",0.274050252727401,0.725927355289646,2.23919829528789e-05
"id27879",0.9913033327743,0.0080755651786136,0.000621102047086408
"id19190",9.73722992656749e-05,0.999898535569898,4.09213083663868e-06
"id05065",0.99937539779719,0.000548196311770992,7.64058910389359e-05
"id21296",0.0113604016488042,0.984582512240747,0.00405708611044871
"id13262",0.152112875861452,0.105500303129527,0.742386821009021
"id10333",0.982459985391401,0.000105841904727167,0.017434172703872
"id16677",8.94368648123739e-05,0.0028203274046187,0.997090235730569
"id01392",0.176451166017955,0.00629110494158593,0.817257729040459
"id27874",0.741319284089858,0.211533228738987,0.0471474871711551
"id02294",0.000448759960510177,0.995672499495693,0.00387874054379675
"id18298",0.000912854220225879,0.00582884627216102,0.993258299507613
"id06997",0.99946070249746,8.78373105795705e-05,0.000451460191960575
"id05243",0.250869268199954,0.500090251408223,0.249040480391822
"id00860",6.63500695181677e-07,0.999957450533655,4.18859656495991e-05
"id26681",0.999989055962944,9.58054815518232e-06,1.36348890054197e-06
"id06020",3.32097181120699e-10,7.39345556762539e-15,0.999999999667895
"id27683",0.371477170760381,0.117761426372592,0.510761402867027
"id17655",6.77345531707342e-08,0.999999932262794,2.65315888252045e-12
"id08817",0.00457888739976719,0.00291265555000981,0.992508457050223
"id11512",2.47073064507456e-06,0.00013415392118607,0.999863375348169
"id00478",0.0177099530272023,0.00356992332424602,0.978720123648552
"id02116",0.977487646289716,0.00143994465433528,0.0210724090559487
"id06746",0.995412762152959,0.0038052220835141,0.000782015763526763
"id03863",0.529840247669475,0.392887806999214,0.0772719453313118
"id01802",0.00566459198686482,0.993460307283782,0.000875100729353434
"id11682",0.934926869302803,0.000132700350077194,0.0649404303471202
"id04033",0.000199404138074375,0.998080788854809,0.00171980700711642
"id09286",0.0669884965624725,0.317468684499921,0.615542818937606
"id12904",0.999940978111505,5.78023913025041e-05,1.21949719229726e-06
"id07420",4.96334801083171e-06,8.67162587264688e-08,0.99999494993573
"id22398",1.4137674111251e-11,0.999999999977897,7.96522826477497e-12
"id00424",0.00424537778216651,0.00034764518483024,0.995406977033003
"id20960",0.977521795638059,0.0195879398958815,0.00289026446605902
"id10267",0.539882617153886,0.381796931182472,0.0783204516636424
"id19330",0.22093730275095,0.000202109450075381,0.778860587798975
"id00994",4.57946745582284e-05,0.999950905671881,3.2996535611535e-06
"id10785",0.847061016235889,0.0277168587162656,0.125222125047845
"id00955",0.00271022495970917,0.994610853746907,0.00267892129338414
"id09757",0.000111976698611238,0.999882647754251,5.37554713815371e-06
"id10030",0.0593891706334732,0.0151373856019901,0.925473443764537
"id22952",0.0392891018885288,0.11698875890734,0.843722139204131
"id21955",4.86126824731874e-07,3.1962002118916e-06,0.999996317672963
"id07674",0.892604981675768,0.0574297363027089,0.0499652820215235
"id13760",8.18062088833387e-05,0.99991811272878,8.10623362806525e-08
"id18166",0.985545046091611,0.000332825943398218,0.0141221279649906
"id23498",0.964988705234918,0.0349699841775854,4.131058749605e-05
"id05296",0.997519720204697,3.28236764681845e-05,0.00244745611883471
"id26709",0.997108308172618,0.000145771569695806,0.00274592025768628
"id02853",0.995999038591547,0.00346167704985593,0.000539284358597348
"id06800",0.287849372896343,0.224775245960491,0.487375381143166
"id14758",0.00330261602614957,0.98558041031938,0.0111169736544699
"id12356",0.995836184476811,0.00389425563468793,0.000269559888501009
"id21492",0.907970793095236,0.0582794286472766,0.0337497782574875
"id27540",0.00641240495665903,3.51252870170178e-09,0.993587591530812
"id07376",0.17846903856369,0.668559345180831,0.152971616255478
"id15201",0.87772983681521,0.11400060061025,0.00826956257453976
"id23388",0.00123054920785766,0.998670713321431,9.87374707110601e-05
"id13923",0.00087995159267591,0.997441483343253,0.00167856506407067
"id00794",1.16812957086786e-06,0.999997840536709,9.91333719604207e-07
"id23910",0.646846229730257,0.0821632082446215,0.270990562025122
"id02556",0.0398128740382036,0.201423975192789,0.758763150769007
"id22151",1.26932562213848e-07,0.999999847804706,2.52627314066343e-08
"id11698",0.151181983562412,0.657740143947486,0.191077872490101
"id11627",0.144922817053514,0.0397602660688036,0.815316916877682
"id06340",0.999995273626874,8.35597190824721e-07,3.89077593472977e-06
"id05123",0.882356836855787,0.046433712674488,0.0712094504697249
"id26620",1.41297363197756e-06,5.94446989293556e-06,0.999992642556475
"id04002",0.00855760590341348,0.0274681565085815,0.963974237588005
"id26554",0.104821754290873,0.824213673587303,0.0709645721218242
"id18012",0.00728082690273798,0.00400561015072217,0.98871356294654
"id12964",0.0424753419980343,0.0298929607059172,0.927631697296048
"id18965",0.000556076139052308,0.951535019763047,0.0479089040979006
"id19082",0.00861702824561826,0.00172258095036358,0.989660390804018
"id26742",3.3645961269125e-05,9.77795074518571e-08,0.999966256259224
"id15442",0.101546001262478,0.875358732667327,0.0230952660701944
"id16647",0.344648840746663,0.20715637024374,0.448194789009597
"id11544",0.108243175864918,0.00431791136504384,0.887438912770038
"id20581",0.114968533240396,0.329152640866869,0.555878825892735
"id13192",0.541672992502437,0.298113376344669,0.160213631152893
"id15814",0.19544323232352,0.305270422136171,0.49928634554031
"id26279",0.000835079278202752,0.999149636134729,1.52845870684755e-05
"id00240",0.985700618713159,0.00584513614670218,0.00845424514013835
"id22836",0.999975174066049,3.34351111821646e-06,2.14824228332488e-05
"id15085",0.0173415850481451,0.504319543597258,0.478338871354597
"id17495",0.243008367065461,0.0268089181277148,0.730182714806824
"id26762",0.0618795643204496,0.502848313239834,0.435272122439716
"id13685",0.99701477708246,4.13459754701946e-06,0.00298108831999247
"id16560",0.000161936220259702,0.999828400964856,9.66281488470038e-06
"id17184",3.88727258156812e-07,0.999997909657811,1.70161493091487e-06
"id21635",0.999994507344736,2.50923809177285e-06,2.98341717216544e-06
"id26751",0.0472412767527854,0.913873437273965,0.0388852859732499
"id12351",0.999261834679341,0.000139188752285856,0.000598976568372636
"id14872",0.521278867919713,0.27741404530249,0.201307086777797
"id18372",0.974764086146985,0.0250847920671748,0.00015112178584064
"id26851",0.919924459150513,0.0601149926414735,0.0199605482080133
"id22659",0.278744313436035,0.721221993110061,3.36934539042141e-05
"id04102",5.51260395207792e-06,4.03701908229473e-09,0.999994483359029
"id02353",0.000154482972137889,0.999825907484648,1.96095432140839e-05
"id26721",0.999974640897993,2.50071477460119e-05,3.51954261264379e-07
"id11171",0.645386694566471,0.139818048716944,0.214795256716585
"id13562",0.179262043057026,0.621406377064801,0.199331579878173
"id26425",0.777000163381295,0.0577116769381811,0.165288159680524
"id26394",0.282492472203807,0.114531042155054,0.60297648564114
"id22187",0.312022490879857,0.545414191711484,0.14256331740866
"id00422",0.999996037673627,7.29721674389198e-10,3.96159665163139e-06
"id22667",8.12368682251729e-12,0.999999999991872,4.25900000743286e-15
"id00911",0.237677508274136,0.68973956744189,0.0725829242839736
"id17291",0.274931370032786,0.00274340386079957,0.722325226106415
"id01915",0.0463160444621955,0.0598439652010073,0.893839990336797
"id01434",0.0163164837452178,0.0116587007018252,0.972024815552957
"id01584",0.447005843976933,0.0605926568208187,0.492401499202248
"id09266",0.999994304026134,5.76873611939134e-07,5.11910025391399e-06
"id17494",0.000155643911575038,0.999769454655486,7.49014329392292e-05
"id24919",0.0554624567402089,0.292778554647519,0.651758988612272
"id21043",0.000710283227236607,3.05127965010259e-13,0.999289716772458
"id17796",0.000113441855252551,0.99987908504299,7.47310175731858e-06
"id02166",0.000794881128968653,5.22867372964534e-06,0.999199890197302
"id17503",0.999891329177629,8.2801812536825e-06,0.000100390641117023
"id21203",0.256652895879051,0.242561156844062,0.500785947276887
"id25626",0.999999999932849,1.99183564357722e-12,6.51594989729737e-11
"id09836",0.999678497237455,0.000268567442641885,5.2935319903128e-05
"id24202",0.0020496336811201,0.0898391785865696,0.90811118773231
"id27260",0.195986298442659,0.0477616079737194,0.756252093583622
"id23167",2.03683717797397e-05,1.10152892165723e-07,0.999979521475328
"id10393",0.000789329581787694,0.998782424840981,0.000428245577231622
"id01171",0.997942924287858,0.00188826792481444,0.000168807787327263
"id06380",0.986851989577914,0.010766986358087,0.00238102406399941
"id22686",0.0307361343332254,0.000105587952517944,0.969158277714257
"id26250",0.0581114526667883,0.0106744552106559,0.931214092122556
"id09315",0.193532619184625,0.716205482106966,0.0902618987084096
"id00886",0.0372983238214971,0.85184373061752,0.110857945560983
"id03101",0.512237174657245,0.356974002298745,0.13078882304401
"id12367",0.563249957920181,0.0742930536196145,0.362456988460205
"id10770",0.609942128706406,0.108323110570659,0.281734760722935
"id14949",0.000141073217538312,0.999837739086025,2.11876964369806e-05
"id14141",0.000175565506251232,0.999682046161923,0.000142388331825757
"id25417",0.0871370547677308,0.900427066342493,0.012435878889776
"id26873",0.317168640587337,0.00714792810171872,0.675683431310945
"id10818",0.0667269624796106,0.0132697964787129,0.920003241041677
"id15146",0.855462960066227,0.0439911546921513,0.100545885241622
"id23328",0.869150550990433,0.0644148795065639,0.066434569503003
"id16765",0.499359554021147,0.436225119281135,0.0644153266977181
"id24383",0.995642912116996,7.66277525543406e-05,0.00428046013044944
"id21304",0.706776073138205,0.0977576886465262,0.195466238215268
"id12551",6.05732099743477e-05,0.999938701589842,7.25200184153457e-07
"id23274",0.110284891969045,0.26522712792294,0.624487980108015
"id08117",0.442035503578936,0.0222217598793638,0.5357427365417
"id23961",0.998993854388319,0.000855261091053408,0.000150884520627632
"id13865",0.00400287217262387,0.984211751604044,0.0117853762233321
"id22807",0.520456130451578,0.00192913645413758,0.477614733094284
"id08951",0.176065472805023,0.0888271975013891,0.735107329693587
"id18684",0.996825865710798,0.00306735830125936,0.000106775987942776
"id25179",0.0260360685912519,0.760676654088514,0.213287277320234
"id27033",0.828006925874233,0.000363421981149109,0.171629652144618
"id13977",0.0389015144246504,0.953817501902539,0.00728098367281082
"id19337",0.000237222328776606,0.990648301188779,0.00911447648244442
"id25764",0.000171619221967535,0.999044197514404,0.000784183263628726
"id16106",0.0117998488802716,0.00976886846947984,0.978431282650249
"id05468",4.38206393998382e-05,1.88444537484535e-06,0.999954294915225
"id05241",0.983084665582357,0.000119426024234847,0.0167959083934079
"id10215",0.0869717253897076,0.764435298720483,0.148592975889809
"id23457",0.000186689883005009,0.000788732367755978,0.999024577749239
"id02200",0.999999984173912,1.51224915523594e-08,7.03596732014109e-10
"id13714",0.169455991229059,0.769854456298308,0.0606895524726336
"id20332",3.50936102103958e-09,6.89405683802361e-10,0.999999995801233
"id18573",0.0448784050218169,0.021549753239417,0.933571841738766
